0,310
0,305
0,308
0,307
0,302
0,304
0,303
0,12
0,10
0,8
0,0
0,544
0,572
0,300
0,403
0,299
0,402
0,298
0,484
0,401
0,297
0,571
0,296
0,417
0,400
0,295
0,519
0,570
0,294
0,481
0,413
0,293
0,542
0,397
0,292
0,518
0,569
0,291
0,517
0,412
0,290
0,478
0,396
0,289
0,410
0,395
0,288
0,384
0,394
0,287
0,541
0,475
0,286
0,554
0,393
0,285
0,392
0,284
0,409
0,283
0,407
0,390
0,282
0,540
0,516
0,281
0,515
0,405
0,280
0,399
0,389
0,279
0,398
0,388
0,278
0,391
0,387
0,277
0,538
0,471
0,276
0,470
0,386
0,275
0,469
0,385
0,274
0,468
0,273
0,559
0,383
0,272
0,548
0,467
0,271
0,563
0,547
0,270
0,553
0,382
0,269
0,465
0,381
0,268
0,537
0,380
0,267
0,464
0,379
0,266
0,513
0,568
0,265
0,462
0,378
0,264
0,461
0,575
0,263
0,460
0,262
0,567
0,375
0,261
0,562
0,459
0,260
0,512
0,259
0,530
0,374
0,258
0,566
0,373
0,257
0,457
0,372
0,256
0,558
0,371
0,255
0,557
0,511
0,254
0,510
0,370
0,253
0,456
0,369
0,252
0,509
0,251
0,455
0,367
0,250
0,521
0,454
0,249
0,534
0,508
0,248
0,366
0,247
0,506
0,365
0,246
0,453
0,364
0,245
0,452
0,363
0,244
0,556
0,9
2,0
2,4
2,1
31,3
31,1
1,0
1,1
2,5
29,3
29,1
3,0
3,1
3,3
29,5
29,0
1,3
31,4
31,0
2,3
0,362
0,242
0,555
0,361
0,241
0,561
0,505
0,240
0,560
0,360
0,239
0,451
0,359
0,238
0,450
0,358
0,237
0,533
0,357
0,236
0,545
0,532
0,235
0,504
0,234
0,447
0,356
0,233
0,449
0,355
0,232
0,446
0,354
0,231
0,531
0,353
0,230
0,445
0,352
0,229
0,351
0,228
0,443
0,227
0,350
0,226
0,552
0,349
0,225
0,440
0,348
0,224
0,347
0,223
0,529
0,439
0,222
0,528
0,503
0,221
0,437
0,346
0,220
0,438
0,345
0,219
0,436
0,344
0,218
0,527
0,435
0,217
0,434
0,343
0,216
0,433
0,215
0,432
0,341
0,214
0,431
0,340
0,213
0,543
0,429
0,212
0,526
0,539
0,211
0,502
0,339
0,210
0,499
0,338
0,209
0,430
0,337
0,208
0,500
0,336
0,207
0,497
0,428
0,206
0,335
0,205
0,427
0,334
0,204
0,551
0,426
0,203
0,425
0,332
0,202
0,525
0,201
0,550
0,520
0,200
0,514
0,331
0,199
0,422
0,424
0,198
0,421
0,329
0,197
0,420
0,328
0,196
0,565
0,418
0,195
0,524
0,493
0,194
0,492
0,327
0,193
0,495
0,326
0,192
0,490
0,325
0,63
0,489
0,324
0,62
0,491
0,323
0,61
0,423
0,321
0,60
0,523
0,416
0,59
0,320
0,58
0,522
0,319
0,57
0,549
0,318
0,56
0,419
0,317
0,55
0,486
0,415
0,54
0,564
0,414
0,53
0,536
0,316
0,52
0,411
0,315
0,51
0,535
0,314
0,50
0,313
0,49
0,574
0,312
0,48
0,311
0,47
0,406
0,309
0,46
0,573
0,306
0,45
0,404
0,301
0,6
0,5
0,1
0,11
0,4
0,2
0,3
0,7
